TESTING 14-QUEENS

============================================================
A. HILL CLIMBING SEARCH
============================================================

  Runs = 50
    Success rate: 6.0%   Failure rate: 94.0%
    Avg steps (success): 7.33
    Avg steps (failure): 5.53

  Runs = 100
    Success rate: 4.0%   Failure rate: 96.0%
    Avg steps (success): 7.50
    Avg steps (failure): 5.68

  Runs = 200
    Success rate: 6.0%   Failure rate: 94.0%
    Avg steps (success): 7.08
    Avg steps (failure): 5.57

  Runs = 500
    Success rate: 2.6%   Failure rate: 97.4%
    Avg steps (success): 7.15
    Avg steps (failure): 5.71

  Runs = 1000
    Success rate: 3.8%   Failure rate: 96.2%
    Avg steps (success): 7.03
    Avg steps (failure): 5.74

  Runs = 1500
    Success rate: 3.3%   Failure rate: 96.7%
    Avg steps (success): 7.18
    Avg steps (failure): 5.72

  --- Search sequences from four random initial configurations ---

  Sequence 1:
	Initial state (conflicts=15):
		0 1 0 0 0 0 0 0 0 0 0 0 0 0
		0 0 0 0 1 0 0 0 0 0 0 0 0 1
		0 0 0 0 0 0 0 0 0 0 0 0 1 0
		0 0 0 0 0 0 0 0 0 0 0 0 0 0
		0 0 0 0 0 0 0 0 0 0 0 0 0 0
		0 0 0 0 0 0 0 0 0 0 1 0 0 0
		0 0 1 0 0 0 0 0 0 0 0 0 0 0
		0 0 0 0 0 0 0 0 0 0 0 0 0 0
		1 0 0 0 0 1 1 0 0 0 0 0 0 0
		0 0 0 1 0 0 0 0 0 1 0 0 0 0
		0 0 0 0 0 0 0 0 0 0 0 0 0 0
		0 0 0 0 0 0 0 1 0 0 0 1 0 0
		0 0 0 0 0 0 0 0 1 0 0 0 0 0
		0 0 0 0 0 0 0 0 0 0 0 0 0 0
		Queen Positions: [8, 0, 6, 9, 1, 8, 8, 11, 12, 9, 5, 11, 2, 1]
		Conflicts: 15

	Local minimum at step 7 (conflicts=1)

	--- Step Sequence ---
	Step 0: [8, 0, 6, 9, 1, 8, 8, 11, 12, 9, 5, 11, 2, 1] (conflicts=15)
	Step 1: [8, 0, 6, 9, 1, 8, 4, 11, 12, 9, 5, 11, 2, 1] (conflicts=11)
	Step 2: [8, 0, 7, 9, 1, 8, 4, 11, 12, 9, 5, 11, 2, 1] (conflicts=8)
	Step 3: [8, 0, 7, 9, 1, 8, 4, 11, 12, 10, 5, 11, 2, 1] (conflicts=5)
	Step 4: [8, 0, 7, 9, 13, 8, 4, 11, 12, 10, 5, 11, 2, 1] (conflicts=4)
	Step 5: [8, 0, 7, 9, 13, 8, 4, 0, 12, 10, 5, 11, 2, 1] (conflicts=3)
	Step 6: [8, 3, 7, 9, 13, 8, 4, 0, 12, 10, 5, 11, 2, 1] (conflicts=2)
	Step 7: [8, 3, 7, 9, 13, 8, 4, 0, 12, 10, 5, 11, 6, 1] (conflicts=1)

	Final configuration:
		0 0 0 0 0 0 0 1 0 0 0 0 0 0
		0 0 0 0 0 0 0 0 0 0 0 0 0 1
		0 0 0 0 0 0 0 0 0 0 0 0 0 0
		0 1 0 0 0 0 0 0 0 0 0 0 0 0
		0 0 0 0 0 0 1 0 0 0 0 0 0 0
		0 0 0 0 0 0 0 0 0 0 1 0 0 0
		0 0 0 0 0 0 0 0 0 0 0 0 1 0
		0 0 1 0 0 0 0 0 0 0 0 0 0 0
		1 0 0 0 0 1 0 0 0 0 0 0 0 0
		0 0 0 1 0 0 0 0 0 0 0 0 0 0
		0 0 0 0 0 0 0 0 0 1 0 0 0 0
		0 0 0 0 0 0 0 0 0 0 0 1 0 0
		0 0 0 0 0 0 0 0 1 0 0 0 0 0
		0 0 0 0 1 0 0 0 0 0 0 0 0 0
		Queen Positions: [8, 3, 7, 9, 13, 8, 4, 0, 12, 10, 5, 11, 6, 1]
		Conflicts: 1

  Sequence 2:
	Initial state (conflicts=27):
		0 0 0 0 0 1 0 0 0 0 0 0 0 0
		0 0 0 0 0 0 0 0 0 0 0 0 0 0
		0 0 0 0 0 0 0 1 0 0 0 0 0 0
		0 0 1 1 0 0 0 0 0 0 0 1 0 0
		0 0 0 0 0 0 0 0 0 0 0 0 0 0
		0 1 0 0 1 0 1 0 0 1 0 0 0 1
		1 0 0 0 0 0 0 0 0 0 0 0 0 0
		0 0 0 0 0 0 0 0 0 0 0 0 0 0
		0 0 0 0 0 0 0 0 1 0 0 0 0 0
		0 0 0 0 0 0 0 0 0 0 0 0 0 0
		0 0 0 0 0 0 0 0 0 0 0 0 0 0
		0 0 0 0 0 0 0 0 0 0 1 0 1 0
		0 0 0 0 0 0 0 0 0 0 0 0 0 0
		0 0 0 0 0 0 0 0 0 0 0 0 0 0
		Queen Positions: [6, 5, 3, 3, 5, 0, 5, 2, 8, 5, 11, 3, 11, 5]
		Conflicts: 27

	Solution found in 8 steps!

	--- Step Sequence ---
	Step 0: [6, 5, 3, 3, 5, 0, 5, 2, 8, 5, 11, 3, 11, 5] (conflicts=27)
	Step 1: [6, 5, 3, 3, 9, 0, 5, 2, 8, 5, 11, 3, 11, 5] (conflicts=20)
	Step 2: [6, 5, 3, 1, 9, 0, 5, 2, 8, 5, 11, 3, 11, 5] (conflicts=15)
	Step 3: [6, 5, 3, 1, 9, 0, 13, 2, 8, 5, 11, 3, 11, 5] (conflicts=11)
	Step 4: [6, 10, 3, 1, 9, 0, 13, 2, 8, 5, 11, 3, 11, 5] (conflicts=8)
	Step 5: [6, 10, 3, 1, 9, 0, 13, 2, 8, 5, 11, 4, 11, 5] (conflicts=5)
	Step 6: [6, 10, 3, 1, 9, 7, 13, 2, 8, 5, 11, 4, 11, 5] (conflicts=3)
	Step 7: [6, 10, 3, 1, 9, 7, 13, 2, 8, 5, 0, 4, 11, 5] (conflicts=1)
	Step 8: [6, 10, 3, 1, 9, 7, 13, 2, 8, 12, 0, 4, 11, 5] (conflicts=0)

	Final configuration:
		0 0 0 0 0 0 0 0 0 0 1 0 0 0
		0 0 0 1 0 0 0 0 0 0 0 0 0 0
		0 0 0 0 0 0 0 1 0 0 0 0 0 0
		0 0 1 0 0 0 0 0 0 0 0 0 0 0
		0 0 0 0 0 0 0 0 0 0 0 1 0 0
		0 0 0 0 0 0 0 0 0 0 0 0 0 1
		1 0 0 0 0 0 0 0 0 0 0 0 0 0
		0 0 0 0 0 1 0 0 0 0 0 0 0 0
		0 0 0 0 0 0 0 0 1 0 0 0 0 0
		0 0 0 0 1 0 0 0 0 0 0 0 0 0
		0 1 0 0 0 0 0 0 0 0 0 0 0 0
		0 0 0 0 0 0 0 0 0 0 0 0 1 0
		0 0 0 0 0 0 0 0 0 1 0 0 0 0
		0 0 0 0 0 0 1 0 0 0 0 0 0 0
		Queen Positions: [6, 10, 3, 1, 9, 7, 13, 2, 8, 12, 0, 4, 11, 5]
		Conflicts: 0

  Sequence 3:
	Initial state (conflicts=10):
		1 0 0 0 0 0 0 0 0 0 1 0 0 0
		0 0 0 0 0 0 0 0 0 0 0 0 0 0
		0 0 0 0 0 0 0 1 0 0 0 0 0 0
		0 0 1 0 0 0 0 0 0 1 0 0 0 0
		0 0 0 0 1 0 0 0 0 0 0 1 0 1
		0 0 0 1 0 0 0 0 0 0 0 0 0 0
		0 1 0 0 0 1 0 0 0 0 0 0 0 0
		0 0 0 0 0 0 0 0 0 0 0 0 0 0
		0 0 0 0 0 0 0 0 0 0 0 0 0 0
		0 0 0 0 0 0 0 0 0 0 0 0 0 0
		0 0 0 0 0 0 1 0 0 0 0 0 1 0
		0 0 0 0 0 0 0 0 1 0 0 0 0 0
		0 0 0 0 0 0 0 0 0 0 0 0 0 0
		0 0 0 0 0 0 0 0 0 0 0 0 0 0
		Queen Positions: [0, 6, 3, 5, 4, 6, 10, 2, 11, 3, 0, 4, 10, 4]
		Conflicts: 10

	Local minimum at step 4 (conflicts=2)

	--- Step Sequence ---
	Step 0: [0, 6, 3, 5, 4, 6, 10, 2, 11, 3, 0, 4, 10, 4] (conflicts=10)
	Step 1: [0, 6, 3, 5, 1, 6, 10, 2, 11, 3, 0, 4, 10, 4] (conflicts=7)
	Step 2: [0, 6, 12, 5, 1, 6, 10, 2, 11, 3, 0, 4, 10, 4] (conflicts=4)
	Step 3: [13, 6, 12, 5, 1, 6, 10, 2, 11, 3, 0, 4, 10, 4] (conflicts=3)
	Step 4: [13, 6, 12, 5, 1, 6, 10, 2, 11, 3, 0, 7, 10, 4] (conflicts=2)

	Final configuration:
		0 0 0 0 0 0 0 0 0 0 1 0 0 0
		0 0 0 0 1 0 0 0 0 0 0 0 0 0
		0 0 0 0 0 0 0 1 0 0 0 0 0 0
		0 0 0 0 0 0 0 0 0 1 0 0 0 0
		0 0 0 0 0 0 0 0 0 0 0 0 0 1
		0 0 0 1 0 0 0 0 0 0 0 0 0 0
		0 1 0 0 0 1 0 0 0 0 0 0 0 0
		0 0 0 0 0 0 0 0 0 0 0 1 0 0
		0 0 0 0 0 0 0 0 0 0 0 0 0 0
		0 0 0 0 0 0 0 0 0 0 0 0 0 0
		0 0 0 0 0 0 1 0 0 0 0 0 1 0
		0 0 0 0 0 0 0 0 1 0 0 0 0 0
		0 0 1 0 0 0 0 0 0 0 0 0 0 0
		1 0 0 0 0 0 0 0 0 0 0 0 0 0
		Queen Positions: [13, 6, 12, 5, 1, 6, 10, 2, 11, 3, 0, 7, 10, 4]
		Conflicts: 2

  Sequence 4:
	Initial state (conflicts=9):
		0 1 0 0 0 0 0 0 0 0 0 0 0 1
		0 0 0 0 1 0 0 0 0 1 0 0 0 0
		0 0 0 0 0 0 0 0 0 0 0 0 0 0
		0 0 0 0 0 0 0 0 0 0 0 0 0 0
		0 0 0 0 0 1 0 0 0 0 0 0 0 0
		0 0 0 0 0 0 0 0 0 0 0 0 0 0
		0 0 1 0 0 0 0 0 0 0 0 0 1 0
		0 0 0 0 0 0 0 0 0 0 0 1 0 0
		0 0 0 0 0 0 0 0 1 0 1 0 0 0
		0 0 0 0 0 0 0 0 0 0 0 0 0 0
		0 0 0 0 0 0 0 1 0 0 0 0 0 0
		1 0 0 1 0 0 0 0 0 0 0 0 0 0
		0 0 0 0 0 0 0 0 0 0 0 0 0 0
		0 0 0 0 0 0 1 0 0 0 0 0 0 0
		Queen Positions: [11, 0, 6, 11, 1, 4, 13, 10, 8, 1, 8, 7, 6, 0]
		Conflicts: 9

	Local minimum at step 4 (conflicts=2)

	--- Step Sequence ---
	Step 0: [11, 0, 6, 11, 1, 4, 13, 10, 8, 1, 8, 7, 6, 0] (conflicts=9)
	Step 1: [11, 0, 6, 11, 1, 4, 13, 10, 8, 1, 5, 7, 6, 0] (conflicts=6)
	Step 2: [11, 2, 6, 11, 1, 4, 13, 10, 8, 1, 5, 7, 6, 0] (conflicts=4)
	Step 3: [12, 2, 6, 11, 1, 4, 13, 10, 8, 1, 5, 7, 6, 0] (conflicts=3)
	Step 4: [12, 2, 6, 11, 1, 4, 13, 10, 8, 1, 5, 9, 6, 0] (conflicts=2)

	Final configuration:
		0 0 0 0 0 0 0 0 0 0 0 0 0 1
		0 0 0 0 1 0 0 0 0 1 0 0 0 0
		0 1 0 0 0 0 0 0 0 0 0 0 0 0
		0 0 0 0 0 0 0 0 0 0 0 0 0 0
		0 0 0 0 0 1 0 0 0 0 0 0 0 0
		0 0 0 0 0 0 0 0 0 0 1 0 0 0
		0 0 1 0 0 0 0 0 0 0 0 0 1 0
		0 0 0 0 0 0 0 0 0 0 0 0 0 0
		0 0 0 0 0 0 0 0 1 0 0 0 0 0
		0 0 0 0 0 0 0 0 0 0 0 1 0 0
		0 0 0 0 0 0 0 1 0 0 0 0 0 0
		0 0 0 1 0 0 0 0 0 0 0 0 0 0
		1 0 0 0 0 0 0 0 0 0 0 0 0 0
		0 0 0 0 0 0 1 0 0 0 0 0 0 0
		Queen Positions: [12, 2, 6, 11, 1, 4, 13, 10, 8, 1, 5, 9, 6, 0]
		Conflicts: 2

============================================================
B. HILL CLIMBING WITH SIDEWAYS MOVE
============================================================

  Runs = 50
    Success rate: 22.0%   Failure rate: 78.0%
    Avg steps (success): 9.09
    Avg steps (failure): 76.51

  Runs = 100
    Success rate: 10.0%   Failure rate: 90.0%
    Avg steps (success): 9.20
    Avg steps (failure): 76.53

  Runs = 200
    Success rate: 14.5%   Failure rate: 85.5%
    Avg steps (success): 8.79
    Avg steps (failure): 76.53

  Runs = 500
    Success rate: 17.2%   Failure rate: 82.8%
    Avg steps (success): 8.94
    Avg steps (failure): 76.50

  Runs = 1000
    Success rate: 13.7%   Failure rate: 86.3%
    Avg steps (success): 9.18
    Avg steps (failure): 76.54

  Runs = 1500
    Success rate: 13.5%   Failure rate: 86.5%
    Avg steps (success): 8.84
    Avg steps (failure): 76.52

  --- Search sequences from four random initial configurations ---

  Sequence 1:
	Initial state (conflicts=16):
		0 0 0 0 0 0 0 0 0 1 0 0 0 0
		0 0 0 0 0 0 0 0 0 0 0 0 0 0
		0 0 0 0 0 0 0 0 0 0 1 0 0 0
		0 0 0 0 0 1 0 0 0 0 0 0 0 0
		0 0 0 0 0 0 0 0 0 0 0 0 0 0
		0 0 0 0 0 0 0 0 0 0 0 0 0 0
		0 0 0 1 0 0 0 1 1 0 0 0 0 0
		1 0 0 0 0 0 1 0 0 0 0 1 0 1
		0 0 0 0 0 0 0 0 0 0 0 0 0 0
		0 1 0 0 0 0 0 0 0 0 0 0 1 0
		0 0 0 0 0 0 0 0 0 0 0 0 0 0
		0 0 0 0 0 0 0 0 0 0 0 0 0 0
		0 0 1 0 1 0 0 0 0 0 0 0 0 0
		0 0 0 0 0 0 0 0 0 0 0 0 0 0
		Queen Positions: [7, 9, 12, 6, 12, 3, 7, 6, 6, 0, 2, 7, 9, 7]
		Conflicts: 16

	Sideways limit reached at step 76

	--- Step Sequence ---
	Step 0: [7, 9, 12, 6, 12, 3, 7, 6, 6, 0, 2, 7, 9, 7] (conflicts=16)
	Step 1: [7, 9, 12, 6, 12, 3, 11, 6, 6, 0, 2, 7, 9, 7] (conflicts=12)
	Step 2: [7, 9, 12, 6, 12, 3, 11, 6, 10, 0, 2, 7, 9, 7] (conflicts=9)
	Step 3: [7, 9, 12, 6, 12, 3, 11, 6, 10, 0, 2, 4, 9, 7] (conflicts=6)
	Step 4: [7, 5, 12, 6, 12, 3, 11, 6, 10, 0, 2, 4, 9, 7] (conflicts=4)
	Step 5: [7, 5, 12, 6, 12, 3, 11, 6, 10, 0, 2, 4, 9, 13] (conflicts=3)
	Step 6: [7, 5, 12, 8, 12, 3, 11, 6, 10, 0, 2, 4, 9, 13] (conflicts=2)
	Step 7: [7, 5, 12, 8, 12, 3, 1, 6, 10, 0, 2, 4, 9, 13] (conflicts=2)
	Step 8: [7, 5, 12, 8, 12, 3, 1, 6, 11, 0, 2, 4, 9, 13] (conflicts=2)
	Step 9: [7, 5, 12, 8, 12, 3, 1, 6, 10, 0, 2, 4, 9, 13] (conflicts=2)
	Step 10: [7, 5, 12, 8, 12, 3, 1, 6, 11, 0, 2, 4, 9, 13] (conflicts=2)
	Step 11: [7, 5, 12, 8, 12, 3, 1, 6, 10, 0, 2, 4, 9, 13] (conflicts=2)
	Step 12: [7, 5, 12, 8, 12, 3, 1, 6, 11, 0, 2, 4, 9, 13] (conflicts=2)
	Step 13: [7, 5, 12, 8, 12, 3, 1, 6, 10, 0, 2, 4, 9, 13] (conflicts=2)
	Step 14: [7, 5, 12, 8, 12, 3, 1, 6, 11, 0, 2, 4, 9, 13] (conflicts=2)
	Step 15: [7, 5, 12, 8, 12, 3, 1, 6, 10, 0, 2, 4, 9, 13] (conflicts=2)
	Step 16: [7, 5, 12, 8, 12, 3, 1, 6, 11, 0, 2, 4, 9, 13] (conflicts=2)
	Step 17: [7, 5, 12, 8, 12, 3, 1, 6, 10, 0, 2, 4, 9, 13] (conflicts=2)
	Step 18: [7, 5, 12, 8, 12, 3, 1, 6, 11, 0, 2, 4, 9, 13] (conflicts=2)
	Step 19: [7, 5, 12, 8, 12, 3, 1, 6, 10, 0, 2, 4, 9, 13] (conflicts=2)
	Step 20: [7, 5, 12, 8, 12, 3, 1, 6, 11, 0, 2, 4, 9, 13] (conflicts=2)
	Step 21: [7, 5, 12, 8, 12, 3, 1, 6, 10, 0, 2, 4, 9, 13] (conflicts=2)
	Step 22: [7, 5, 12, 8, 12, 3, 1, 6, 11, 0, 2, 4, 9, 13] (conflicts=2)
	Step 23: [7, 5, 12, 8, 12, 3, 1, 6, 10, 0, 2, 4, 9, 13] (conflicts=2)
	Step 24: [7, 5, 12, 8, 12, 3, 1, 6, 11, 0, 2, 4, 9, 13] (conflicts=2)
	Step 25: [7, 5, 12, 8, 12, 3, 1, 6, 10, 0, 2, 4, 9, 13] (conflicts=2)
	Step 26: [7, 5, 12, 8, 12, 3, 1, 6, 11, 0, 2, 4, 9, 13] (conflicts=2)
	Step 27: [7, 5, 12, 8, 12, 3, 1, 6, 10, 0, 2, 4, 9, 13] (conflicts=2)
	Step 28: [7, 5, 12, 8, 12, 3, 1, 6, 11, 0, 2, 4, 9, 13] (conflicts=2)
	Step 29: [7, 5, 12, 8, 12, 3, 1, 6, 10, 0, 2, 4, 9, 13] (conflicts=2)
	Step 30: [7, 5, 12, 8, 12, 3, 1, 6, 11, 0, 2, 4, 9, 13] (conflicts=2)
	Step 31: [7, 5, 12, 8, 12, 3, 1, 6, 10, 0, 2, 4, 9, 13] (conflicts=2)
	Step 32: [7, 5, 12, 8, 12, 3, 1, 6, 11, 0, 2, 4, 9, 13] (conflicts=2)
	Step 33: [7, 5, 12, 8, 12, 3, 1, 6, 10, 0, 2, 4, 9, 13] (conflicts=2)
	Step 34: [7, 5, 12, 8, 12, 3, 1, 6, 11, 0, 2, 4, 9, 13] (conflicts=2)
	Step 35: [7, 5, 12, 8, 12, 3, 1, 6, 10, 0, 2, 4, 9, 13] (conflicts=2)
	Step 36: [7, 5, 12, 8, 12, 3, 1, 6, 11, 0, 2, 4, 9, 13] (conflicts=2)
	Step 37: [7, 5, 12, 8, 12, 3, 1, 6, 10, 0, 2, 4, 9, 13] (conflicts=2)
	Step 38: [7, 5, 12, 8, 12, 3, 1, 6, 11, 0, 2, 4, 9, 13] (conflicts=2)
	Step 39: [7, 5, 12, 8, 12, 3, 1, 6, 10, 0, 2, 4, 9, 13] (conflicts=2)
	Step 40: [7, 5, 12, 8, 12, 3, 1, 6, 11, 0, 2, 4, 9, 13] (conflicts=2)
	Step 41: [7, 5, 12, 8, 12, 3, 1, 6, 10, 0, 2, 4, 9, 13] (conflicts=2)
	Step 42: [7, 5, 12, 8, 12, 3, 1, 6, 11, 0, 2, 4, 9, 13] (conflicts=2)
	Step 43: [7, 5, 12, 8, 12, 3, 1, 6, 10, 0, 2, 4, 9, 13] (conflicts=2)
	Step 44: [7, 5, 12, 8, 12, 3, 1, 6, 11, 0, 2, 4, 9, 13] (conflicts=2)
	Step 45: [7, 5, 12, 8, 12, 3, 1, 6, 10, 0, 2, 4, 9, 13] (conflicts=2)
	Step 46: [7, 5, 12, 8, 12, 3, 1, 6, 11, 0, 2, 4, 9, 13] (conflicts=2)
	Step 47: [7, 5, 12, 8, 12, 3, 1, 6, 10, 0, 2, 4, 9, 13] (conflicts=2)
	Step 48: [7, 5, 12, 8, 12, 3, 1, 6, 11, 0, 2, 4, 9, 13] (conflicts=2)
	Step 49: [7, 5, 12, 8, 12, 3, 1, 6, 10, 0, 2, 4, 9, 13] (conflicts=2)
	Step 50: [7, 5, 12, 8, 12, 3, 1, 6, 11, 0, 2, 4, 9, 13] (conflicts=2)
	Step 51: [7, 5, 12, 8, 12, 3, 1, 6, 10, 0, 2, 4, 9, 13] (conflicts=2)
	Step 52: [7, 5, 12, 8, 12, 3, 1, 6, 11, 0, 2, 4, 9, 13] (conflicts=2)
	Step 53: [7, 5, 12, 8, 12, 3, 1, 6, 10, 0, 2, 4, 9, 13] (conflicts=2)
	Step 54: [7, 5, 12, 8, 12, 3, 1, 6, 11, 0, 2, 4, 9, 13] (conflicts=2)
	Step 55: [7, 5, 12, 8, 12, 3, 1, 6, 10, 0, 2, 4, 9, 13] (conflicts=2)
	Step 56: [7, 5, 12, 8, 12, 3, 1, 6, 11, 0, 2, 4, 9, 13] (conflicts=2)
	Step 57: [7, 5, 12, 8, 12, 3, 1, 6, 10, 0, 2, 4, 9, 13] (conflicts=2)
	Step 58: [7, 5, 12, 8, 12, 3, 1, 6, 11, 0, 2, 4, 9, 13] (conflicts=2)
	Step 59: [7, 5, 12, 8, 12, 3, 1, 6, 10, 0, 2, 4, 9, 13] (conflicts=2)
	Step 60: [7, 5, 12, 8, 12, 3, 1, 6, 11, 0, 2, 4, 9, 13] (conflicts=2)
	Step 61: [7, 5, 12, 8, 12, 3, 1, 6, 10, 0, 2, 4, 9, 13] (conflicts=2)
	Step 62: [7, 5, 12, 8, 12, 3, 1, 6, 11, 0, 2, 4, 9, 13] (conflicts=2)
	Step 63: [7, 5, 12, 8, 12, 3, 1, 6, 10, 0, 2, 4, 9, 13] (conflicts=2)
	Step 64: [7, 5, 12, 8, 12, 3, 1, 6, 11, 0, 2, 4, 9, 13] (conflicts=2)
	Step 65: [7, 5, 12, 8, 12, 3, 1, 6, 10, 0, 2, 4, 9, 13] (conflicts=2)
	Step 66: [7, 5, 12, 8, 12, 3, 1, 6, 11, 0, 2, 4, 9, 13] (conflicts=2)
	Step 67: [7, 5, 12, 8, 12, 3, 1, 6, 10, 0, 2, 4, 9, 13] (conflicts=2)
	Step 68: [7, 5, 12, 8, 12, 3, 1, 6, 11, 0, 2, 4, 9, 13] (conflicts=2)
	Step 69: [7, 5, 12, 8, 12, 3, 1, 6, 10, 0, 2, 4, 9, 13] (conflicts=2)
	Step 70: [7, 5, 12, 8, 12, 3, 1, 6, 11, 0, 2, 4, 9, 13] (conflicts=2)
	Step 71: [7, 5, 12, 8, 12, 3, 1, 6, 10, 0, 2, 4, 9, 13] (conflicts=2)
	Step 72: [7, 5, 12, 8, 12, 3, 1, 6, 11, 0, 2, 4, 9, 13] (conflicts=2)
	Step 73: [7, 5, 12, 8, 12, 3, 1, 6, 10, 0, 2, 4, 9, 13] (conflicts=2)
	Step 74: [7, 5, 12, 8, 12, 3, 1, 6, 11, 0, 2, 4, 9, 13] (conflicts=2)
	Step 75: [7, 5, 12, 8, 12, 3, 1, 6, 10, 0, 2, 4, 9, 13] (conflicts=2)
	Step 76: [7, 5, 12, 8, 12, 3, 1, 6, 11, 0, 2, 4, 9, 13] (conflicts=2)

	Final configuration:
		0 0 0 0 0 0 0 0 0 1 0 0 0 0
		0 0 0 0 0 0 1 0 0 0 0 0 0 0
		0 0 0 0 0 0 0 0 0 0 1 0 0 0
		0 0 0 0 0 1 0 0 0 0 0 0 0 0
		0 0 0 0 0 0 0 0 0 0 0 1 0 0
		0 1 0 0 0 0 0 0 0 0 0 0 0 0
		0 0 0 0 0 0 0 1 0 0 0 0 0 0
		1 0 0 0 0 0 0 0 0 0 0 0 0 0
		0 0 0 1 0 0 0 0 0 0 0 0 0 0
		0 0 0 0 0 0 0 0 0 0 0 0 1 0
		0 0 0 0 0 0 0 0 0 0 0 0 0 0
		0 0 0 0 0 0 0 0 1 0 0 0 0 0
		0 0 1 0 1 0 0 0 0 0 0 0 0 0
		0 0 0 0 0 0 0 0 0 0 0 0 0 1
		Queen Positions: [7, 5, 12, 8, 12, 3, 1, 6, 11, 0, 2, 4, 9, 13]
		Conflicts: 2

  Sequence 2:
	Initial state (conflicts=11):
		0 0 0 0 0 0 0 0 0 0 0 0 0 0
		0 1 1 0 0 0 0 0 0 0 0 0 0 1
		0 0 0 0 1 0 0 0 0 0 0 0 0 0
		0 0 0 0 0 0 0 0 1 0 0 0 0 0
		0 0 0 0 0 1 0 1 0 0 0 0 0 0
		0 0 0 0 0 0 0 0 0 0 1 0 1 0
		0 0 0 0 0 0 0 0 0 0 0 0 0 0
		0 0 0 0 0 0 0 0 0 0 0 0 0 0
		0 0 0 0 0 0 0 0 0 0 0 0 0 0
		0 0 0 1 0 0 0 0 0 0 0 0 0 0
		0 0 0 0 0 0 0 0 0 0 0 0 0 0
		0 0 0 0 0 0 0 0 0 0 0 0 0 0
		1 0 0 0 0 0 0 0 0 0 0 1 0 0
		0 0 0 0 0 0 1 0 0 1 0 0 0 0
		Queen Positions: [12, 1, 1, 9, 2, 4, 13, 4, 3, 13, 5, 12, 5, 1]
		Conflicts: 11

	Sideways limit reached at step 76

	--- Step Sequence ---
	Step 0: [12, 1, 1, 9, 2, 4, 13, 4, 3, 13, 5, 12, 5, 1] (conflicts=11)
	Step 1: [12, 1, 11, 9, 2, 4, 13, 4, 3, 13, 5, 12, 5, 1] (conflicts=8)
	Step 2: [12, 1, 11, 9, 2, 4, 13, 4, 3, 13, 6, 12, 5, 1] (conflicts=6)
	Step 3: [10, 1, 11, 9, 2, 4, 13, 4, 3, 13, 6, 12, 5, 1] (conflicts=4)
	Step 4: [10, 1, 11, 9, 2, 4, 13, 4, 3, 13, 6, 12, 5, 7] (conflicts=3)
	Step 5: [10, 1, 11, 9, 2, 4, 13, 4, 0, 13, 6, 12, 5, 7] (conflicts=2)
	Step 6: [10, 1, 11, 9, 2, 4, 8, 4, 0, 13, 6, 12, 5, 7] (conflicts=1)
	Step 7: [10, 1, 11, 9, 2, 4, 8, 4, 0, 13, 6, 12, 3, 7] (conflicts=1)
	Step 8: [10, 1, 11, 9, 2, 4, 8, 4, 0, 13, 6, 12, 5, 7] (conflicts=1)
	Step 9: [10, 1, 11, 9, 2, 4, 8, 4, 0, 13, 6, 12, 3, 7] (conflicts=1)
	Step 10: [10, 1, 11, 9, 2, 4, 8, 4, 0, 13, 6, 12, 5, 7] (conflicts=1)
	Step 11: [10, 1, 11, 9, 2, 4, 8, 4, 0, 13, 6, 12, 3, 7] (conflicts=1)
	Step 12: [10, 1, 11, 9, 2, 4, 8, 4, 0, 13, 6, 12, 5, 7] (conflicts=1)
	Step 13: [10, 1, 11, 9, 2, 4, 8, 4, 0, 13, 6, 12, 3, 7] (conflicts=1)
	Step 14: [10, 1, 11, 9, 2, 4, 8, 4, 0, 13, 6, 12, 5, 7] (conflicts=1)
	Step 15: [10, 1, 11, 9, 2, 4, 8, 4, 0, 13, 6, 12, 3, 7] (conflicts=1)
	Step 16: [10, 1, 11, 9, 2, 4, 8, 4, 0, 13, 6, 12, 5, 7] (conflicts=1)
	Step 17: [10, 1, 11, 9, 2, 4, 8, 4, 0, 13, 6, 12, 3, 7] (conflicts=1)
	Step 18: [10, 1, 11, 9, 2, 4, 8, 4, 0, 13, 6, 12, 5, 7] (conflicts=1)
	Step 19: [10, 1, 11, 9, 2, 4, 8, 4, 0, 13, 6, 12, 3, 7] (conflicts=1)
	Step 20: [10, 1, 11, 9, 2, 4, 8, 4, 0, 13, 6, 12, 5, 7] (conflicts=1)
	Step 21: [10, 1, 11, 9, 2, 4, 8, 4, 0, 13, 6, 12, 3, 7] (conflicts=1)
	Step 22: [10, 1, 11, 9, 2, 4, 8, 4, 0, 13, 6, 12, 5, 7] (conflicts=1)
	Step 23: [10, 1, 11, 9, 2, 4, 8, 4, 0, 13, 6, 12, 3, 7] (conflicts=1)
	Step 24: [10, 1, 11, 9, 2, 4, 8, 4, 0, 13, 6, 12, 5, 7] (conflicts=1)
	Step 25: [10, 1, 11, 9, 2, 4, 8, 4, 0, 13, 6, 12, 3, 7] (conflicts=1)
	Step 26: [10, 1, 11, 9, 2, 4, 8, 4, 0, 13, 6, 12, 5, 7] (conflicts=1)
	Step 27: [10, 1, 11, 9, 2, 4, 8, 4, 0, 13, 6, 12, 3, 7] (conflicts=1)
	Step 28: [10, 1, 11, 9, 2, 4, 8, 4, 0, 13, 6, 12, 5, 7] (conflicts=1)
	Step 29: [10, 1, 11, 9, 2, 4, 8, 4, 0, 13, 6, 12, 3, 7] (conflicts=1)
	Step 30: [10, 1, 11, 9, 2, 4, 8, 4, 0, 13, 6, 12, 5, 7] (conflicts=1)
	Step 31: [10, 1, 11, 9, 2, 4, 8, 4, 0, 13, 6, 12, 3, 7] (conflicts=1)
	Step 32: [10, 1, 11, 9, 2, 4, 8, 4, 0, 13, 6, 12, 5, 7] (conflicts=1)
	Step 33: [10, 1, 11, 9, 2, 4, 8, 4, 0, 13, 6, 12, 3, 7] (conflicts=1)
	Step 34: [10, 1, 11, 9, 2, 4, 8, 4, 0, 13, 6, 12, 5, 7] (conflicts=1)
	Step 35: [10, 1, 11, 9, 2, 4, 8, 4, 0, 13, 6, 12, 3, 7] (conflicts=1)
	Step 36: [10, 1, 11, 9, 2, 4, 8, 4, 0, 13, 6, 12, 5, 7] (conflicts=1)
	Step 37: [10, 1, 11, 9, 2, 4, 8, 4, 0, 13, 6, 12, 3, 7] (conflicts=1)
	Step 38: [10, 1, 11, 9, 2, 4, 8, 4, 0, 13, 6, 12, 5, 7] (conflicts=1)
	Step 39: [10, 1, 11, 9, 2, 4, 8, 4, 0, 13, 6, 12, 3, 7] (conflicts=1)
	Step 40: [10, 1, 11, 9, 2, 4, 8, 4, 0, 13, 6, 12, 5, 7] (conflicts=1)
	Step 41: [10, 1, 11, 9, 2, 4, 8, 4, 0, 13, 6, 12, 3, 7] (conflicts=1)
	Step 42: [10, 1, 11, 9, 2, 4, 8, 4, 0, 13, 6, 12, 5, 7] (conflicts=1)
	Step 43: [10, 1, 11, 9, 2, 4, 8, 4, 0, 13, 6, 12, 3, 7] (conflicts=1)
	Step 44: [10, 1, 11, 9, 2, 4, 8, 4, 0, 13, 6, 12, 5, 7] (conflicts=1)
	Step 45: [10, 1, 11, 9, 2, 4, 8, 4, 0, 13, 6, 12, 3, 7] (conflicts=1)
	Step 46: [10, 1, 11, 9, 2, 4, 8, 4, 0, 13, 6, 12, 5, 7] (conflicts=1)
	Step 47: [10, 1, 11, 9, 2, 4, 8, 4, 0, 13, 6, 12, 3, 7] (conflicts=1)
	Step 48: [10, 1, 11, 9, 2, 4, 8, 4, 0, 13, 6, 12, 5, 7] (conflicts=1)
	Step 49: [10, 1, 11, 9, 2, 4, 8, 4, 0, 13, 6, 12, 3, 7] (conflicts=1)
	Step 50: [10, 1, 11, 9, 2, 4, 8, 4, 0, 13, 6, 12, 5, 7] (conflicts=1)
	Step 51: [10, 1, 11, 9, 2, 4, 8, 4, 0, 13, 6, 12, 3, 7] (conflicts=1)
	Step 52: [10, 1, 11, 9, 2, 4, 8, 4, 0, 13, 6, 12, 5, 7] (conflicts=1)
	Step 53: [10, 1, 11, 9, 2, 4, 8, 4, 0, 13, 6, 12, 3, 7] (conflicts=1)
	Step 54: [10, 1, 11, 9, 2, 4, 8, 4, 0, 13, 6, 12, 5, 7] (conflicts=1)
	Step 55: [10, 1, 11, 9, 2, 4, 8, 4, 0, 13, 6, 12, 3, 7] (conflicts=1)
	Step 56: [10, 1, 11, 9, 2, 4, 8, 4, 0, 13, 6, 12, 5, 7] (conflicts=1)
	Step 57: [10, 1, 11, 9, 2, 4, 8, 4, 0, 13, 6, 12, 3, 7] (conflicts=1)
	Step 58: [10, 1, 11, 9, 2, 4, 8, 4, 0, 13, 6, 12, 5, 7] (conflicts=1)
	Step 59: [10, 1, 11, 9, 2, 4, 8, 4, 0, 13, 6, 12, 3, 7] (conflicts=1)
	Step 60: [10, 1, 11, 9, 2, 4, 8, 4, 0, 13, 6, 12, 5, 7] (conflicts=1)
	Step 61: [10, 1, 11, 9, 2, 4, 8, 4, 0, 13, 6, 12, 3, 7] (conflicts=1)
	Step 62: [10, 1, 11, 9, 2, 4, 8, 4, 0, 13, 6, 12, 5, 7] (conflicts=1)
	Step 63: [10, 1, 11, 9, 2, 4, 8, 4, 0, 13, 6, 12, 3, 7] (conflicts=1)
	Step 64: [10, 1, 11, 9, 2, 4, 8, 4, 0, 13, 6, 12, 5, 7] (conflicts=1)
	Step 65: [10, 1, 11, 9, 2, 4, 8, 4, 0, 13, 6, 12, 3, 7] (conflicts=1)
	Step 66: [10, 1, 11, 9, 2, 4, 8, 4, 0, 13, 6, 12, 5, 7] (conflicts=1)
	Step 67: [10, 1, 11, 9, 2, 4, 8, 4, 0, 13, 6, 12, 3, 7] (conflicts=1)
	Step 68: [10, 1, 11, 9, 2, 4, 8, 4, 0, 13, 6, 12, 5, 7] (conflicts=1)
	Step 69: [10, 1, 11, 9, 2, 4, 8, 4, 0, 13, 6, 12, 3, 7] (conflicts=1)
	Step 70: [10, 1, 11, 9, 2, 4, 8, 4, 0, 13, 6, 12, 5, 7] (conflicts=1)
	Step 71: [10, 1, 11, 9, 2, 4, 8, 4, 0, 13, 6, 12, 3, 7] (conflicts=1)
	Step 72: [10, 1, 11, 9, 2, 4, 8, 4, 0, 13, 6, 12, 5, 7] (conflicts=1)
	Step 73: [10, 1, 11, 9, 2, 4, 8, 4, 0, 13, 6, 12, 3, 7] (conflicts=1)
	Step 74: [10, 1, 11, 9, 2, 4, 8, 4, 0, 13, 6, 12, 5, 7] (conflicts=1)
	Step 75: [10, 1, 11, 9, 2, 4, 8, 4, 0, 13, 6, 12, 3, 7] (conflicts=1)
	Step 76: [10, 1, 11, 9, 2, 4, 8, 4, 0, 13, 6, 12, 5, 7] (conflicts=1)

	Final configuration:
		0 0 0 0 0 0 0 0 1 0 0 0 0 0
		0 1 0 0 0 0 0 0 0 0 0 0 0 0
		0 0 0 0 1 0 0 0 0 0 0 0 0 0
		0 0 0 0 0 0 0 0 0 0 0 0 0 0
		0 0 0 0 0 1 0 1 0 0 0 0 0 0
		0 0 0 0 0 0 0 0 0 0 0 0 1 0
		0 0 0 0 0 0 0 0 0 0 1 0 0 0
		0 0 0 0 0 0 0 0 0 0 0 0 0 1
		0 0 0 0 0 0 1 0 0 0 0 0 0 0
		0 0 0 1 0 0 0 0 0 0 0 0 0 0
		1 0 0 0 0 0 0 0 0 0 0 0 0 0
		0 0 1 0 0 0 0 0 0 0 0 0 0 0
		0 0 0 0 0 0 0 0 0 0 0 1 0 0
		0 0 0 0 0 0 0 0 0 1 0 0 0 0
		Queen Positions: [10, 1, 11, 9, 2, 4, 8, 4, 0, 13, 6, 12, 5, 7]
		Conflicts: 1

  Sequence 3:
	Initial state (conflicts=17):
		0 0 0 0 0 0 0 0 0 0 0 0 0 1
		0 0 0 0 0 0 0 1 0 0 0 0 0 0
		0 0 1 0 0 0 0 0 0 0 0 0 0 0
		0 0 0 0 0 0 0 0 0 0 0 0 0 0
		0 0 0 1 0 0 0 0 0 0 0 0 0 0
		0 1 0 0 0 0 0 0 0 0 0 0 0 0
		0 0 0 0 1 0 1 0 1 1 0 0 0 0
		0 0 0 0 0 0 0 0 0 0 1 0 1 0
		1 0 0 0 0 1 0 0 0 0 0 1 0 0
		0 0 0 0 0 0 0 0 0 0 0 0 0 0
		0 0 0 0 0 0 0 0 0 0 0 0 0 0
		0 0 0 0 0 0 0 0 0 0 0 0 0 0
		0 0 0 0 0 0 0 0 0 0 0 0 0 0
		0 0 0 0 0 0 0 0 0 0 0 0 0 0
		Queen Positions: [8, 5, 2, 4, 6, 8, 6, 1, 6, 6, 7, 8, 7, 0]
		Conflicts: 17

	Sideways limit reached at step 76

	--- Step Sequence ---
	Step 0: [8, 5, 2, 4, 6, 8, 6, 1, 6, 6, 7, 8, 7, 0] (conflicts=17)
	Step 1: [8, 5, 2, 4, 6, 8, 6, 1, 6, 6, 7, 10, 7, 0] (conflicts=12)
	Step 2: [8, 5, 2, 4, 6, 8, 12, 1, 6, 6, 7, 10, 7, 0] (conflicts=8)
	Step 3: [8, 5, 2, 4, 6, 8, 12, 1, 6, 13, 7, 10, 7, 0] (conflicts=6)
	Step 4: [11, 5, 2, 4, 6, 8, 12, 1, 6, 13, 7, 10, 7, 0] (conflicts=4)
	Step 5: [11, 5, 2, 4, 6, 8, 12, 1, 6, 13, 7, 10, 7, 3] (conflicts=3)
	Step 6: [11, 5, 2, 4, 6, 8, 12, 1, 6, 13, 7, 10, 0, 3] (conflicts=2)
	Step 7: [11, 5, 2, 4, 6, 8, 12, 1, 6, 0, 7, 10, 0, 3] (conflicts=2)
	Step 8: [11, 5, 2, 4, 6, 8, 12, 1, 6, 0, 7, 10, 0, 9] (conflicts=2)
	Step 9: [11, 5, 2, 4, 6, 8, 12, 1, 6, 0, 7, 10, 0, 3] (conflicts=2)
	Step 10: [11, 5, 2, 4, 6, 8, 12, 1, 6, 0, 7, 10, 0, 9] (conflicts=2)
	Step 11: [11, 5, 2, 4, 6, 8, 12, 1, 6, 0, 7, 10, 0, 3] (conflicts=2)
	Step 12: [11, 5, 2, 4, 6, 8, 12, 1, 6, 0, 7, 10, 0, 9] (conflicts=2)
	Step 13: [11, 5, 2, 4, 6, 8, 12, 1, 6, 0, 7, 10, 0, 3] (conflicts=2)
	Step 14: [11, 5, 2, 4, 6, 8, 12, 1, 6, 0, 7, 10, 0, 9] (conflicts=2)
	Step 15: [11, 5, 2, 4, 6, 8, 12, 1, 6, 0, 7, 10, 0, 3] (conflicts=2)
	Step 16: [11, 5, 2, 4, 6, 8, 12, 1, 6, 0, 7, 10, 0, 9] (conflicts=2)
	Step 17: [11, 5, 2, 4, 6, 8, 12, 1, 6, 0, 7, 10, 0, 3] (conflicts=2)
	Step 18: [11, 5, 2, 4, 6, 8, 12, 1, 6, 0, 7, 10, 0, 9] (conflicts=2)
	Step 19: [11, 5, 2, 4, 6, 8, 12, 1, 6, 0, 7, 10, 0, 3] (conflicts=2)
	Step 20: [11, 5, 2, 4, 6, 8, 12, 1, 6, 0, 7, 10, 0, 9] (conflicts=2)
	Step 21: [11, 5, 2, 4, 6, 8, 12, 1, 6, 0, 7, 10, 0, 3] (conflicts=2)
	Step 22: [11, 5, 2, 4, 6, 8, 12, 1, 6, 0, 7, 10, 0, 9] (conflicts=2)
	Step 23: [11, 5, 2, 4, 6, 8, 12, 1, 6, 0, 7, 10, 0, 3] (conflicts=2)
	Step 24: [11, 5, 2, 4, 6, 8, 12, 1, 6, 0, 7, 10, 0, 9] (conflicts=2)
	Step 25: [11, 5, 2, 4, 6, 8, 12, 1, 6, 0, 7, 10, 0, 3] (conflicts=2)
	Step 26: [11, 5, 2, 4, 6, 8, 12, 1, 6, 0, 7, 10, 0, 9] (conflicts=2)
	Step 27: [11, 5, 2, 4, 6, 8, 12, 1, 6, 0, 7, 10, 0, 3] (conflicts=2)
	Step 28: [11, 5, 2, 4, 6, 8, 12, 1, 6, 0, 7, 10, 0, 9] (conflicts=2)
	Step 29: [11, 5, 2, 4, 6, 8, 12, 1, 6, 0, 7, 10, 0, 3] (conflicts=2)
	Step 30: [11, 5, 2, 4, 6, 8, 12, 1, 6, 0, 7, 10, 0, 9] (conflicts=2)
	Step 31: [11, 5, 2, 4, 6, 8, 12, 1, 6, 0, 7, 10, 0, 3] (conflicts=2)
	Step 32: [11, 5, 2, 4, 6, 8, 12, 1, 6, 0, 7, 10, 0, 9] (conflicts=2)
	Step 33: [11, 5, 2, 4, 6, 8, 12, 1, 6, 0, 7, 10, 0, 3] (conflicts=2)
	Step 34: [11, 5, 2, 4, 6, 8, 12, 1, 6, 0, 7, 10, 0, 9] (conflicts=2)
	Step 35: [11, 5, 2, 4, 6, 8, 12, 1, 6, 0, 7, 10, 0, 3] (conflicts=2)
	Step 36: [11, 5, 2, 4, 6, 8, 12, 1, 6, 0, 7, 10, 0, 9] (conflicts=2)
	Step 37: [11, 5, 2, 4, 6, 8, 12, 1, 6, 0, 7, 10, 0, 3] (conflicts=2)
	Step 38: [11, 5, 2, 4, 6, 8, 12, 1, 6, 0, 7, 10, 0, 9] (conflicts=2)
	Step 39: [11, 5, 2, 4, 6, 8, 12, 1, 6, 0, 7, 10, 0, 3] (conflicts=2)
	Step 40: [11, 5, 2, 4, 6, 8, 12, 1, 6, 0, 7, 10, 0, 9] (conflicts=2)
	Step 41: [11, 5, 2, 4, 6, 8, 12, 1, 6, 0, 7, 10, 0, 3] (conflicts=2)
	Step 42: [11, 5, 2, 4, 6, 8, 12, 1, 6, 0, 7, 10, 0, 9] (conflicts=2)
	Step 43: [11, 5, 2, 4, 6, 8, 12, 1, 6, 0, 7, 10, 0, 3] (conflicts=2)
	Step 44: [11, 5, 2, 4, 6, 8, 12, 1, 6, 0, 7, 10, 0, 9] (conflicts=2)
	Step 45: [11, 5, 2, 4, 6, 8, 12, 1, 6, 0, 7, 10, 0, 3] (conflicts=2)
	Step 46: [11, 5, 2, 4, 6, 8, 12, 1, 6, 0, 7, 10, 0, 9] (conflicts=2)
	Step 47: [11, 5, 2, 4, 6, 8, 12, 1, 6, 0, 7, 10, 0, 3] (conflicts=2)
	Step 48: [11, 5, 2, 4, 6, 8, 12, 1, 6, 0, 7, 10, 0, 9] (conflicts=2)
	Step 49: [11, 5, 2, 4, 6, 8, 12, 1, 6, 0, 7, 10, 0, 3] (conflicts=2)
	Step 50: [11, 5, 2, 4, 6, 8, 12, 1, 6, 0, 7, 10, 0, 9] (conflicts=2)
	Step 51: [11, 5, 2, 4, 6, 8, 12, 1, 6, 0, 7, 10, 0, 3] (conflicts=2)
	Step 52: [11, 5, 2, 4, 6, 8, 12, 1, 6, 0, 7, 10, 0, 9] (conflicts=2)
	Step 53: [11, 5, 2, 4, 6, 8, 12, 1, 6, 0, 7, 10, 0, 3] (conflicts=2)
	Step 54: [11, 5, 2, 4, 6, 8, 12, 1, 6, 0, 7, 10, 0, 9] (conflicts=2)
	Step 55: [11, 5, 2, 4, 6, 8, 12, 1, 6, 0, 7, 10, 0, 3] (conflicts=2)
	Step 56: [11, 5, 2, 4, 6, 8, 12, 1, 6, 0, 7, 10, 0, 9] (conflicts=2)
	Step 57: [11, 5, 2, 4, 6, 8, 12, 1, 6, 0, 7, 10, 0, 3] (conflicts=2)
	Step 58: [11, 5, 2, 4, 6, 8, 12, 1, 6, 0, 7, 10, 0, 9] (conflicts=2)
	Step 59: [11, 5, 2, 4, 6, 8, 12, 1, 6, 0, 7, 10, 0, 3] (conflicts=2)
	Step 60: [11, 5, 2, 4, 6, 8, 12, 1, 6, 0, 7, 10, 0, 9] (conflicts=2)
	Step 61: [11, 5, 2, 4, 6, 8, 12, 1, 6, 0, 7, 10, 0, 3] (conflicts=2)
	Step 62: [11, 5, 2, 4, 6, 8, 12, 1, 6, 0, 7, 10, 0, 9] (conflicts=2)
	Step 63: [11, 5, 2, 4, 6, 8, 12, 1, 6, 0, 7, 10, 0, 3] (conflicts=2)
	Step 64: [11, 5, 2, 4, 6, 8, 12, 1, 6, 0, 7, 10, 0, 9] (conflicts=2)
	Step 65: [11, 5, 2, 4, 6, 8, 12, 1, 6, 0, 7, 10, 0, 3] (conflicts=2)
	Step 66: [11, 5, 2, 4, 6, 8, 12, 1, 6, 0, 7, 10, 0, 9] (conflicts=2)
	Step 67: [11, 5, 2, 4, 6, 8, 12, 1, 6, 0, 7, 10, 0, 3] (conflicts=2)
	Step 68: [11, 5, 2, 4, 6, 8, 12, 1, 6, 0, 7, 10, 0, 9] (conflicts=2)
	Step 69: [11, 5, 2, 4, 6, 8, 12, 1, 6, 0, 7, 10, 0, 3] (conflicts=2)
	Step 70: [11, 5, 2, 4, 6, 8, 12, 1, 6, 0, 7, 10, 0, 9] (conflicts=2)
	Step 71: [11, 5, 2, 4, 6, 8, 12, 1, 6, 0, 7, 10, 0, 3] (conflicts=2)
	Step 72: [11, 5, 2, 4, 6, 8, 12, 1, 6, 0, 7, 10, 0, 9] (conflicts=2)
	Step 73: [11, 5, 2, 4, 6, 8, 12, 1, 6, 0, 7, 10, 0, 3] (conflicts=2)
	Step 74: [11, 5, 2, 4, 6, 8, 12, 1, 6, 0, 7, 10, 0, 9] (conflicts=2)
	Step 75: [11, 5, 2, 4, 6, 8, 12, 1, 6, 0, 7, 10, 0, 3] (conflicts=2)
	Step 76: [11, 5, 2, 4, 6, 8, 12, 1, 6, 0, 7, 10, 0, 9] (conflicts=2)

	Final configuration:
		0 0 0 0 0 0 0 0 0 1 0 0 1 0
		0 0 0 0 0 0 0 1 0 0 0 0 0 0
		0 0 1 0 0 0 0 0 0 0 0 0 0 0
		0 0 0 0 0 0 0 0 0 0 0 0 0 0
		0 0 0 1 0 0 0 0 0 0 0 0 0 0
		0 1 0 0 0 0 0 0 0 0 0 0 0 0
		0 0 0 0 1 0 0 0 1 0 0 0 0 0
		0 0 0 0 0 0 0 0 0 0 1 0 0 0
		0 0 0 0 0 1 0 0 0 0 0 0 0 0
		0 0 0 0 0 0 0 0 0 0 0 0 0 1
		0 0 0 0 0 0 0 0 0 0 0 1 0 0
		1 0 0 0 0 0 0 0 0 0 0 0 0 0
		0 0 0 0 0 0 1 0 0 0 0 0 0 0
		0 0 0 0 0 0 0 0 0 0 0 0 0 0
		Queen Positions: [11, 5, 2, 4, 6, 8, 12, 1, 6, 0, 7, 10, 0, 9]
		Conflicts: 2

  Sequence 4:
	Initial state (conflicts=21):
		0 0 0 0 0 0 0 0 0 0 0 0 0 0
		0 0 1 0 0 0 0 0 0 1 0 0 0 1
		0 0 0 0 0 0 0 0 0 0 0 0 0 0
		0 0 0 0 0 0 0 0 0 0 0 0 0 0
		0 0 0 0 0 0 0 0 0 0 0 0 0 0
		0 0 0 0 0 0 0 1 0 0 0 0 0 0
		0 0 0 0 0 0 0 0 1 0 0 0 0 0
		0 0 0 0 0 0 0 0 0 0 0 0 0 0
		0 0 0 0 0 0 0 0 0 0 0 1 0 0
		0 0 0 0 0 1 0 0 0 0 0 0 1 0
		1 1 0 1 1 0 0 0 0 0 0 0 0 0
		0 0 0 0 0 0 0 0 0 0 1 0 0 0
		0 0 0 0 0 0 1 0 0 0 0 0 0 0
		0 0 0 0 0 0 0 0 0 0 0 0 0 0
		Queen Positions: [10, 10, 1, 10, 10, 9, 12, 5, 6, 1, 11, 8, 9, 1]
		Conflicts: 21

	Sideways limit reached at step 80

	--- Step Sequence ---
	Step 0: [10, 10, 1, 10, 10, 9, 12, 5, 6, 1, 11, 8, 9, 1] (conflicts=21)
	Step 1: [10, 10, 1, 10, 4, 9, 12, 5, 6, 1, 11, 8, 9, 1] (conflicts=14)
	Step 2: [10, 10, 1, 10, 4, 9, 12, 5, 6, 1, 11, 8, 9, 7] (conflicts=10)
	Step 3: [10, 10, 1, 10, 4, 9, 12, 5, 6, 1, 11, 8, 3, 7] (conflicts=7)
	Step 4: [2, 10, 1, 10, 4, 9, 12, 5, 6, 1, 11, 8, 3, 7] (conflicts=4)
	Step 5: [2, 10, 1, 10, 4, 9, 12, 5, 13, 1, 11, 8, 3, 7] (conflicts=3)
	Step 6: [2, 10, 1, 10, 4, 9, 12, 5, 13, 1, 6, 8, 3, 7] (conflicts=2)
	Step 7: [2, 10, 1, 10, 4, 9, 12, 5, 13, 0, 6, 8, 3, 7] (conflicts=2)
	Step 8: [2, 10, 1, 10, 4, 9, 12, 5, 13, 0, 6, 8, 13, 7] (conflicts=2)
	Step 9: [2, 10, 1, 10, 4, 9, 12, 5, 13, 0, 6, 8, 11, 7] (conflicts=2)
	Step 10: [2, 10, 3, 10, 4, 9, 12, 5, 13, 0, 6, 8, 11, 7] (conflicts=1)
	Step 11: [2, 10, 3, 10, 4, 9, 12, 5, 13, 1, 6, 8, 11, 7] (conflicts=1)
	Step 12: [2, 10, 3, 10, 4, 9, 12, 5, 13, 0, 6, 8, 11, 7] (conflicts=1)
	Step 13: [2, 10, 3, 10, 4, 9, 12, 5, 13, 1, 6, 8, 11, 7] (conflicts=1)
	Step 14: [2, 10, 3, 10, 4, 9, 12, 5, 13, 0, 6, 8, 11, 7] (conflicts=1)
	Step 15: [2, 10, 3, 10, 4, 9, 12, 5, 13, 1, 6, 8, 11, 7] (conflicts=1)
	Step 16: [2, 10, 3, 10, 4, 9, 12, 5, 13, 0, 6, 8, 11, 7] (conflicts=1)
	Step 17: [2, 10, 3, 10, 4, 9, 12, 5, 13, 1, 6, 8, 11, 7] (conflicts=1)
	Step 18: [2, 10, 3, 10, 4, 9, 12, 5, 13, 0, 6, 8, 11, 7] (conflicts=1)
	Step 19: [2, 10, 3, 10, 4, 9, 12, 5, 13, 1, 6, 8, 11, 7] (conflicts=1)
	Step 20: [2, 10, 3, 10, 4, 9, 12, 5, 13, 0, 6, 8, 11, 7] (conflicts=1)
	Step 21: [2, 10, 3, 10, 4, 9, 12, 5, 13, 1, 6, 8, 11, 7] (conflicts=1)
	Step 22: [2, 10, 3, 10, 4, 9, 12, 5, 13, 0, 6, 8, 11, 7] (conflicts=1)
	Step 23: [2, 10, 3, 10, 4, 9, 12, 5, 13, 1, 6, 8, 11, 7] (conflicts=1)
	Step 24: [2, 10, 3, 10, 4, 9, 12, 5, 13, 0, 6, 8, 11, 7] (conflicts=1)
	Step 25: [2, 10, 3, 10, 4, 9, 12, 5, 13, 1, 6, 8, 11, 7] (conflicts=1)
	Step 26: [2, 10, 3, 10, 4, 9, 12, 5, 13, 0, 6, 8, 11, 7] (conflicts=1)
	Step 27: [2, 10, 3, 10, 4, 9, 12, 5, 13, 1, 6, 8, 11, 7] (conflicts=1)
	Step 28: [2, 10, 3, 10, 4, 9, 12, 5, 13, 0, 6, 8, 11, 7] (conflicts=1)
	Step 29: [2, 10, 3, 10, 4, 9, 12, 5, 13, 1, 6, 8, 11, 7] (conflicts=1)
	Step 30: [2, 10, 3, 10, 4, 9, 12, 5, 13, 0, 6, 8, 11, 7] (conflicts=1)
	Step 31: [2, 10, 3, 10, 4, 9, 12, 5, 13, 1, 6, 8, 11, 7] (conflicts=1)
	Step 32: [2, 10, 3, 10, 4, 9, 12, 5, 13, 0, 6, 8, 11, 7] (conflicts=1)
	Step 33: [2, 10, 3, 10, 4, 9, 12, 5, 13, 1, 6, 8, 11, 7] (conflicts=1)
	Step 34: [2, 10, 3, 10, 4, 9, 12, 5, 13, 0, 6, 8, 11, 7] (conflicts=1)
	Step 35: [2, 10, 3, 10, 4, 9, 12, 5, 13, 1, 6, 8, 11, 7] (conflicts=1)
	Step 36: [2, 10, 3, 10, 4, 9, 12, 5, 13, 0, 6, 8, 11, 7] (conflicts=1)
	Step 37: [2, 10, 3, 10, 4, 9, 12, 5, 13, 1, 6, 8, 11, 7] (conflicts=1)
	Step 38: [2, 10, 3, 10, 4, 9, 12, 5, 13, 0, 6, 8, 11, 7] (conflicts=1)
	Step 39: [2, 10, 3, 10, 4, 9, 12, 5, 13, 1, 6, 8, 11, 7] (conflicts=1)
	Step 40: [2, 10, 3, 10, 4, 9, 12, 5, 13, 0, 6, 8, 11, 7] (conflicts=1)
	Step 41: [2, 10, 3, 10, 4, 9, 12, 5, 13, 1, 6, 8, 11, 7] (conflicts=1)
	Step 42: [2, 10, 3, 10, 4, 9, 12, 5, 13, 0, 6, 8, 11, 7] (conflicts=1)
	Step 43: [2, 10, 3, 10, 4, 9, 12, 5, 13, 1, 6, 8, 11, 7] (conflicts=1)
	Step 44: [2, 10, 3, 10, 4, 9, 12, 5, 13, 0, 6, 8, 11, 7] (conflicts=1)
	Step 45: [2, 10, 3, 10, 4, 9, 12, 5, 13, 1, 6, 8, 11, 7] (conflicts=1)
	Step 46: [2, 10, 3, 10, 4, 9, 12, 5, 13, 0, 6, 8, 11, 7] (conflicts=1)
	Step 47: [2, 10, 3, 10, 4, 9, 12, 5, 13, 1, 6, 8, 11, 7] (conflicts=1)
	Step 48: [2, 10, 3, 10, 4, 9, 12, 5, 13, 0, 6, 8, 11, 7] (conflicts=1)
	Step 49: [2, 10, 3, 10, 4, 9, 12, 5, 13, 1, 6, 8, 11, 7] (conflicts=1)
	Step 50: [2, 10, 3, 10, 4, 9, 12, 5, 13, 0, 6, 8, 11, 7] (conflicts=1)
	Step 51: [2, 10, 3, 10, 4, 9, 12, 5, 13, 1, 6, 8, 11, 7] (conflicts=1)
	Step 52: [2, 10, 3, 10, 4, 9, 12, 5, 13, 0, 6, 8, 11, 7] (conflicts=1)
	Step 53: [2, 10, 3, 10, 4, 9, 12, 5, 13, 1, 6, 8, 11, 7] (conflicts=1)
	Step 54: [2, 10, 3, 10, 4, 9, 12, 5, 13, 0, 6, 8, 11, 7] (conflicts=1)
	Step 55: [2, 10, 3, 10, 4, 9, 12, 5, 13, 1, 6, 8, 11, 7] (conflicts=1)
	Step 56: [2, 10, 3, 10, 4, 9, 12, 5, 13, 0, 6, 8, 11, 7] (conflicts=1)
	Step 57: [2, 10, 3, 10, 4, 9, 12, 5, 13, 1, 6, 8, 11, 7] (conflicts=1)
	Step 58: [2, 10, 3, 10, 4, 9, 12, 5, 13, 0, 6, 8, 11, 7] (conflicts=1)
	Step 59: [2, 10, 3, 10, 4, 9, 12, 5, 13, 1, 6, 8, 11, 7] (conflicts=1)
	Step 60: [2, 10, 3, 10, 4, 9, 12, 5, 13, 0, 6, 8, 11, 7] (conflicts=1)
	Step 61: [2, 10, 3, 10, 4, 9, 12, 5, 13, 1, 6, 8, 11, 7] (conflicts=1)
	Step 62: [2, 10, 3, 10, 4, 9, 12, 5, 13, 0, 6, 8, 11, 7] (conflicts=1)
	Step 63: [2, 10, 3, 10, 4, 9, 12, 5, 13, 1, 6, 8, 11, 7] (conflicts=1)
	Step 64: [2, 10, 3, 10, 4, 9, 12, 5, 13, 0, 6, 8, 11, 7] (conflicts=1)
	Step 65: [2, 10, 3, 10, 4, 9, 12, 5, 13, 1, 6, 8, 11, 7] (conflicts=1)
	Step 66: [2, 10, 3, 10, 4, 9, 12, 5, 13, 0, 6, 8, 11, 7] (conflicts=1)
	Step 67: [2, 10, 3, 10, 4, 9, 12, 5, 13, 1, 6, 8, 11, 7] (conflicts=1)
	Step 68: [2, 10, 3, 10, 4, 9, 12, 5, 13, 0, 6, 8, 11, 7] (conflicts=1)
	Step 69: [2, 10, 3, 10, 4, 9, 12, 5, 13, 1, 6, 8, 11, 7] (conflicts=1)
	Step 70: [2, 10, 3, 10, 4, 9, 12, 5, 13, 0, 6, 8, 11, 7] (conflicts=1)
	Step 71: [2, 10, 3, 10, 4, 9, 12, 5, 13, 1, 6, 8, 11, 7] (conflicts=1)
	Step 72: [2, 10, 3, 10, 4, 9, 12, 5, 13, 0, 6, 8, 11, 7] (conflicts=1)
	Step 73: [2, 10, 3, 10, 4, 9, 12, 5, 13, 1, 6, 8, 11, 7] (conflicts=1)
	Step 74: [2, 10, 3, 10, 4, 9, 12, 5, 13, 0, 6, 8, 11, 7] (conflicts=1)
	Step 75: [2, 10, 3, 10, 4, 9, 12, 5, 13, 1, 6, 8, 11, 7] (conflicts=1)
	Step 76: [2, 10, 3, 10, 4, 9, 12, 5, 13, 0, 6, 8, 11, 7] (conflicts=1)
	Step 77: [2, 10, 3, 10, 4, 9, 12, 5, 13, 1, 6, 8, 11, 7] (conflicts=1)
	Step 78: [2, 10, 3, 10, 4, 9, 12, 5, 13, 0, 6, 8, 11, 7] (conflicts=1)
	Step 79: [2, 10, 3, 10, 4, 9, 12, 5, 13, 1, 6, 8, 11, 7] (conflicts=1)
	Step 80: [2, 10, 3, 10, 4, 9, 12, 5, 13, 0, 6, 8, 11, 7] (conflicts=1)

	Final configuration:
		0 0 0 0 0 0 0 0 0 1 0 0 0 0
		0 0 0 0 0 0 0 0 0 0 0 0 0 0
		1 0 0 0 0 0 0 0 0 0 0 0 0 0
		0 0 1 0 0 0 0 0 0 0 0 0 0 0
		0 0 0 0 1 0 0 0 0 0 0 0 0 0
		0 0 0 0 0 0 0 1 0 0 0 0 0 0
		0 0 0 0 0 0 0 0 0 0 1 0 0 0
		0 0 0 0 0 0 0 0 0 0 0 0 0 1
		0 0 0 0 0 0 0 0 0 0 0 1 0 0
		0 0 0 0 0 1 0 0 0 0 0 0 0 0
		0 1 0 1 0 0 0 0 0 0 0 0 0 0
		0 0 0 0 0 0 0 0 0 0 0 0 1 0
		0 0 0 0 0 0 1 0 0 0 0 0 0 0
		0 0 0 0 0 0 0 0 1 0 0 0 0 0
		Queen Positions: [2, 10, 3, 10, 4, 9, 12, 5, 13, 0, 6, 8, 11, 7]
		Conflicts: 1

============================================================
C. RANDOM-RESTART HILL CLIMBING
============================================================

  (Averaged over 100 trials)

  Without sideways move:
    Avg restarts: 24.72
    Avg total steps: 148.48

  With sideways move:
    Avg restarts: 6.89
    Avg total steps: 536.91
